0.074439	-0.078413	-0.060850	-0.074264	0.093673	-0.073760	-0.028944	0.062929	0.045091	-0.057606	-0.101286	-0.073069	-0.066750	0.059337	-0.040557	0.055511	-0.058327	-0.059785	-0.059867	0.081823	0.045651	0.049769	0.062218	-0.028618	0.058796	-0.043830	0.086942	-0.030363	0.046784	0.069921	-0.084609	0.049044	0.078982	0.039563	0.085453	0.056323	-0.033873	0.066557	-0.042505	-0.033798	-0.044291	0.064108	0.107910	0.043581	0.039805	-0.038331	-0.069532	-0.055240	-0.066500	-0.047523	
0.002610	-0.000328	-0.001194	-0.002868	-0.000838	0.003129	-0.005845	0.000762	-0.004404	0.001934	-0.001018	0.000037	0.002957	0.002520	0.006057	0.000981	0.001182	-0.000820	0.001838	0.001424	0.000422	0.001054	-0.006247	0.000716	0.001437	0.001109	-0.000741	-0.002566	0.002733	0.000732	0.001486	-0.002996	-0.000757	0.000714	-0.001477	0.003572	-0.003386	0.000480	-0.002455	0.000398	-0.002910	0.002829	0.005408	0.002770	0.004189	-0.003895	-0.003090	0.003522	-0.001461	0.002170	
0.013954	-0.210380	-0.104842	-0.252192	0.013295	-0.028836	-0.012956	0.232348	0.155432	-0.184054	-0.195069	-0.080242	-0.109790	0.203603	-0.139021	0.158931	0.019429	-0.138453	-0.207802	0.108753	0.165484	0.165001	0.071749	-0.036829	0.163449	-0.236606	0.138472	-0.164029	-0.053176	0.209871	-0.028562	0.170284	0.164847	-0.043273	-0.019277	0.002687	-0.132025	0.170159	0.086320	0.123719	-0.079279	-0.005092	0.238261	0.075943	0.048036	-0.127142	-0.027974	-0.229432	-0.101945	-0.112712	
-0.284013	0.001878	-0.001341	0.004216	-0.004635	0.001736	-0.001471	-0.008521	-0.001494	-0.000602	0.002338	0.002849	0.005141	-0.002810	0.001740	0.000164	-0.001699	-0.001734	0.001626	-0.001536	-0.053514	0.001904	-0.001732	0.000640	-0.000016	0.003576	0.003750	0.002298	-0.021806	0.003827	0.022964	0.001375	0.000245	0.001015	-0.462960	0.002260	0.001735	-0.001143	-0.000446	0.000172	0.004000	0.003237	-0.245848	-0.002513	0.001647	-0.004843	0.000034	-0.000592	0.493397	0.001139	
-0.029046	-0.431670	0.046898	0.046748	-0.026828	0.058497	-0.021458	-0.056879	-0.010573	-0.044239	0.051774	0.026275	0.034218	-0.005249	0.013348	0.037626	-0.138244	0.062329	-0.339801	-0.046277	-0.021784	-0.014305	-0.048094	0.007003	-0.067720	0.033082	-0.015817	0.033320	0.463687	-0.081100	0.036193	-0.039876	-0.079997	0.019795	-0.040012	0.084942	0.025943	-0.035919	0.036636	0.027042	-0.037533	-0.040936	-0.036691	-0.036231	-0.018976	0.046039	0.048250	0.047557	0.060494	0.051509	
0.018424	-0.014436	-0.163157	-0.080856	0.214142	-0.253280	0.252277	-0.009137	0.055796	0.025549	-0.203327	0.010116	0.115888	0.120274	-0.038701	-0.136670	0.148153	-0.010601	-0.025613	0.132949	0.046470	0.139944	0.129728	-0.055806	-0.134915	-0.092440	0.028549	-0.074595	-0.131255	0.215769	-0.086639	0.094959	0.229657	-0.145962	0.268452	0.254922	0.222663	0.072702	0.135937	-0.096106	0.178297	-0.031009	0.162771	0.027158	0.050509	-0.154451	-0.141535	-0.165837	-0.196604	0.006262	
-0.075323	0.075317	0.065924	0.023052	-0.113090	0.095715	-0.088694	0.066390	0.031438	0.040396	0.076318	0.049315	0.022070	-0.050152	0.043373	0.049957	-0.011302	0.074161	0.052786	-0.087594	0.049549	-0.055031	-0.031362	0.003393	0.050628	0.037642	0.030440	-0.033468	-0.032335	-0.079717	0.065578	-0.037924	-0.087459	-0.008653	-0.195636	-0.094303	0.001540	0.064264	0.025212	0.007790	-0.107725	-0.067133	-0.066695	0.025392	0.024706	0.025001	0.085727	0.069958	-0.000135	-0.013900	
-0.027601	-0.090439	0.163406	0.213177	-0.055913	0.227103	-0.152188	0.137967	0.090783	0.126953	-0.061127	-0.120718	0.172017	-0.228501	0.203554	-0.155362	-0.161556	-0.047908	-0.039255	-0.064488	0.143320	0.139149	-0.094446	-0.088742	0.108873	-0.063041	-0.214363	0.117288	0.136747	-0.257903	0.007863	-0.018158	-0.243217	-0.124043	-0.210669	-0.154017	0.124722	-0.170403	0.108242	0.187228	-0.107235	-0.082837	-0.237137	-0.072727	0.016099	0.071189	0.213341	0.044166	0.113890	-0.019603	
-0.181403	0.149603	0.121286	0.193091	-0.174346	0.251120	-0.097090	0.116569	0.124943	0.104317	0.070258	-0.095365	0.137796	-0.087378	0.094295	0.031700	-0.175295	0.195755	0.195016	-0.196805	0.256718	0.010505	0.038089	-0.141926	0.073837	0.075417	-0.066527	-0.153981	0.082276	-0.181855	0.232350	0.100474	-0.192955	-0.158186	-0.242318	-0.084401	-0.159933	-0.034299	0.188206	0.117101	0.056319	0.030853	-0.233390	-0.070322	-0.102311	-0.012919	0.145485	-0.092014	-0.043354	-0.094982	
-0.001999	0.005312	0.000747	-0.000583	-0.003861	-0.002331	-0.005740	0.001095	-0.001993	0.002342	0.003338	-0.003028	-0.001826	-0.000166	0.002247	0.000723	-0.003002	-0.000482	0.001089	0.001203	-0.003479	-0.006477	-0.000383	0.000889	-0.000197	-0.001341	-0.003570	-0.001348	-0.000623	0.002119	-0.003416	-0.005200	0.002324	-0.001922	-0.001556	0.000902	0.006396	0.000182	-0.003738	0.001002	-0.002263	-0.002153	-0.001043	0.000205	-0.001120	0.001350	-0.001785	0.005712	-0.000173	-0.001623	
0.002039 0.000615 0.002091 -0.000611 -0.000892 0.002973 -0.000482 0.001746 0.002361 -0.000228 0.001913 0.003258 -0.001498 0.003023 -0.003500 0.001307 -0.001460 0.003005 0.003370 -0.002159 -0.002023 -0.002583 -0.001121 -0.001069 0.000102 0.001998 0.000117 -0.003764 -0.000927 0.000865 0.001403 -0.001230 -0.001535 0.000902 0.000245 0.002236 0.000583 -0.001742 0.003333 -0.002292 0.002774 0.002881 0.000466 -0.004205 0.003707 0.000048 -0.005288 -0.001278 -0.001529 -0.009255 